0 0.11154 0.0907389 0.11154 0.194824 0.0664062 0.194824 0.0664062 0.0907389
0 0.271118 0.102962 0.271118 0.181543 0.228369 0.181543 0.228369 0.102962
0 0.427767 0.115706 0.427767 0.195882 0.388468 0.195882 0.388468 0.115706
0 0.428825 0.3382 0.428825 0.432194 0.38396 0.432194 0.38396 0.3382
0 0.261287 0.345638 0.261287 0.445996 0.219873 0.445996 0.219873 0.345638
0 0.10411 0.327572 0.10411 0.422624 0.0613607 0.422624 0.0613607 0.327572
0 0.602734 0.115169 0.602734 0.187386 0.566366 0.187386 0.566366 0.115169
0 0.770272 0.111979 0.770272 0.187386 0.732039 0.187386 0.732039 0.111979
0 0.938346 0.0875488 0.938346 0.183675 0.889754 0.183675 0.889754 0.0875488
0 0.939144 0.350407 0.939144 0.435368 0.89799 0.435368 0.89799 0.350407
0 0.765495 0.349886 0.765495 0.430062 0.727791 0.430062 0.727791 0.349886
0 0.603271 0.352539 0.603271 0.443864 0.56158 0.443864 0.56158 0.352539
0 0.613892 0.595736 0.613892 0.688135 0.555745 0.688135 0.555745 0.595736
0 0.778507 0.593083 0.778507 0.6993 0.728328 0.6993 0.728328 0.593083
0 0.938078 0.600521 0.938078 0.687614 0.895866 0.687614 0.895866 0.600521
0 0.940072 0.843913 0.940072 0.943913 0.890511 0.943913 0.890511 0.843913
0 0.768595 0.847005 0.768595 0.942155 0.71394 0.942155 0.71394 0.847005
0 0.604419 0.843018 0.604419 0.939941 0.559945 0.939941 0.559945 0.843018
0 0.0967855 0.612288 0.0967855 0.687695 0.0561605 0.687695 0.0561605 0.612288
0 0.106608 0.865055 0.106608 0.945247 0.0649251 0.945247 0.0649251 0.865055
0 0.265918 0.841162 0.265918 0.92666 0.225562 0.92666 0.225562 0.841162
0 0.270695 0.593701 0.270695 0.691943 0.222371 0.691943 0.222371 0.593701
0 0.435848 0.601139 0.435848 0.696729 0.390446 0.696729 0.390446 0.601139
0 0.435579 0.84541 0.435579 0.933024 0.391772 0.933024 0.391772 0.84541
