0 0.0939209 0.110921 0.0939209 0.193132 0.0547282 0.193132 0.0547282 0.110921
0 0.268197 0.0873372 0.268197 0.177197 0.223592 0.177197 0.223592 0.0873372
0 0.433244 0.0975423 0.433244 0.172103 0.397876 0.172103 0.397876 0.0975423
0 0.0964681 0.36071 0.0964681 0.442285 0.0585531 0.442285 0.0585531 0.36071
0 0.268522 0.358171 0.268522 0.437191 0.230607 0.437191 0.230607 0.358171
0 0.434831 0.344792 0.434831 0.43208 0.390226 0.43208 0.390226 0.344792
0 0.592228 0.103271 0.592228 0.173372 0.550814 0.173372 0.550814 0.103271
0 0.75791 0.111556 0.75791 0.189941 0.720947 0.189941 0.720947 0.111556
0 0.935059 0.110286 0.935059 0.179102 0.899056 0.179102 0.899056 0.110286
0 0.930599 0.340967 0.930599 0.430176 0.890137 0.430176 0.890137 0.340967
0 0.77002 0.342236 0.77002 0.451839 0.722542 0.451839 0.722542 0.342236
0 0.607845 0.336507 0.607845 0.44165 0.555273 0.44165 0.555273 0.336507
0 0.60083 0.601595 0.60083 0.686344 0.559733 0.686344 0.559733 0.601595
0 0.773836 0.59585 0.773836 0.688883 0.724772 0.688883 0.724772 0.59585
0 0.936654 0.606689 0.936654 0.700993 0.893953 0.700993 0.893953 0.606689
0 0.938566 0.839909 0.938566 0.936133 0.891724 0.936133 0.891724 0.839909
0 0.779574 0.845638 0.779574 0.948877 0.728597 0.948877 0.728597 0.845638
0 0.599243 0.874316 0.599243 0.952067 0.558773 0.952067 0.558773 0.874316
0 0.103426 0.609977 0.103426 0.673177 0.0625326 0.673177 0.0625326 0.609977
0 0.267244 0.60944 0.267244 0.695996 0.22609 0.695996 0.22609 0.60944
0 0.428141 0.592985 0.428141 0.681673 0.383805 0.681673 0.383805 0.592985
0 0.443547 0.827165 0.443547 0.92806 0.394686 0.92806 0.394686 0.827165
0 0.267244 0.836198 0.267244 0.930713 0.22264 0.930713 0.22264 0.836198
0 0.107406 0.848942 0.107406 0.937614 0.0620036 0.937614 0.0620036 0.848942
