0 0.102507 0.0864583 0.102507 0.177311 0.0578776 0.177311 0.0578776 0.0864583
0 0.27325 0.113184 0.27325 0.201904 0.227555 0.201904 0.227555 0.113184
0 0.43571 0.107308 0.43571 0.178923 0.399902 0.178923 0.399902 0.107308
0 0.102238 0.350993 0.102238 0.443978 0.0536051 0.443978 0.0536051 0.350993
0 0.268709 0.345654 0.268709 0.441846 0.222477 0.441846 0.222477 0.345654
0 0.429565 0.357406 0.429565 0.438639 0.392155 0.438639 0.392155 0.357406
0 0.60485 0.0896647 0.60485 0.184798 0.552743 0.184798 0.552743 0.0896647
0 0.767847 0.0955404 0.767847 0.204574 0.712801 0.204574 0.712801 0.0955404
0 0.936987 0.106771 0.936987 0.197624 0.88702 0.197624 0.88702 0.106771
0 0.60271 0.340316 0.60271 0.437044 0.561027 0.437044 0.561027 0.340316
0 0.770785 0.360612 0.770785 0.434359 0.733114 0.434359 0.733114 0.360612
0 0.93619 0.355811 0.93619 0.435433 0.899308 0.435433 0.899308 0.355811
0 0.598169 0.586133 0.598169 0.667367 0.558626 0.667367 0.558626 0.586133
0 0.773193 0.589339 0.773193 0.689811 0.721354 0.689811 0.721354 0.589339
0 0.929508 0.617139 0.929508 0.714404 0.884619 0.714404 0.884619 0.617139
0 0.936987 0.839453 0.936987 0.951676 0.891032 0.951676 0.891032 0.839453
0 0.764372 0.835173 0.764372 0.92762 0.723755 0.92762 0.723755 0.835173
0 0.610465 0.851204 0.610465 0.939388 0.570646 0.939388 0.570646 0.851204
0 0.105444 0.596289 0.105444 0.695687 0.0501302 0.695687 0.0501302 0.596289
0 0.108114 0.864567 0.108114 0.944727 0.0656331 0.944727 0.0656331 0.864567
0 0.267635 0.628353 0.267635 0.70638 0.226758 0.70638 0.226758 0.628353
0 0.27111 0.860286 0.27111 0.938314 0.231567 0.938314 0.231567 0.860286
0 0.435441 0.601644 0.435441 0.698893 0.390015 0.698893 0.390015 0.601644
0 0.439722 0.854948 0.439722 0.945264 0.399105 0.945264 0.399105 0.854948
