0 0.0966064 0.112126 0.0966064 0.1854 0.0557129 0.1854 0.0557129 0.112126
0 0.287769 0.0988444 0.287769 0.202393 0.234408 0.202393 0.234408 0.0988444
0 0.436458 0.112126 0.436458 0.189111 0.398486 0.189111 0.398486 0.112126
0 0.438582 0.357454 0.438582 0.436051 0.400081 0.436051 0.400081 0.357454
0 0.271313 0.352669 0.271313 0.430729 0.234408 0.430729 0.234408 0.352669
0 0.103239 0.327181 0.103239 0.429671 0.0604899 0.429671 0.0604899 0.327181
0 0.601603 0.116895 0.601603 0.204525 0.55328 0.204525 0.55328 0.116895
0 0.766219 0.100977 0.766219 0.178499 0.727726 0.178499 0.727726 0.100977
0 0.93217 0.10415 0.93217 0.181152 0.893937 0.181152 0.893937 0.10415
0 0.939868 0.332487 0.939868 0.433919 0.886499 0.433919 0.886499 0.332487
0 0.766219 0.360645 0.766219 0.43763 0.730111 0.43763 0.730111 0.360645
0 0.595768 0.338867 0.595768 0.41639 0.560718 0.41639 0.560718 0.338867
0 0.603198 0.57889 0.603198 0.670231 0.555672 0.670231 0.555672 0.57889
0 0.778434 0.595882 0.778434 0.688281 0.726131 0.688281 0.726131 0.595882
0 0.936947 0.597477 0.936947 0.687223 0.898446 0.687223 0.898446 0.597477
0 0.94305 0.847054 0.94305 0.937858 0.896061 0.937858 0.896061 0.847054
0 0.771265 0.856608 0.771265 0.934668 0.731706 0.934668 0.731706 0.856608
0 0.610897 0.821029 0.610897 0.925651 0.566292 0.925651 0.566292 0.821029
0 0.104036 0.604378 0.104036 0.682975 0.063151 0.682975 0.063151 0.604378
0 0.2729 0.601188 0.2729 0.685628 0.229093 0.685628 0.229093 0.601188
0 0.436987 0.602783 0.436987 0.695719 0.38999 0.695719 0.38999 0.602783
0 0.435132 0.844401 0.435132 0.941048 0.383887 0.941048 0.383887 0.844401
0 0.267594 0.833252 0.267594 0.932552 0.223779 0.932552 0.223779 0.833252
0 0.0912923 0.851302 0.0912923 0.925651 0.0519938 0.925651 0.0519938 0.851302
