0 0.107039 0.113997 0.107039 0.201074 0.0600423 0.201074 0.0600423 0.113997
0 0.108097 0.35083 0.108097 0.437386 0.0637614 0.437386 0.0637614 0.35083
0 0.265544 0.121956 0.265544 0.201611 0.226514 0.201611 0.226514 0.121956
0 0.275635 0.321094 0.275635 0.425179 0.232625 0.425179 0.232625 0.321094
0 0.454061 0.097526 0.454061 0.201074 0.402287 0.201074 0.402287 0.097526
0 0.441585 0.332243 0.441585 0.443229 0.388216 0.443229 0.388216 0.332243
0 0.599561 0.103906 0.599561 0.172933 0.565308 0.172933 0.565308 0.103906
0 0.769751 0.0980632 0.769751 0.186214 0.725146 0.186214 0.725146 0.0980632
0 0.936491 0.0916829 0.936491 0.189925 0.890291 0.189925 0.890291 0.0916829
0 0.933838 0.346045 0.933838 0.42889 0.892952 0.42889 0.892952 0.346045
0 0.76604 0.350293 0.76604 0.418799 0.73125 0.418799 0.73125 0.350293
0 0.605404 0.359326 0.605404 0.435791 0.565837 0.435791 0.565837 0.359326
0 0.604077 0.58182 0.604077 0.68431 0.555485 0.68431 0.555485 0.58182
0 0.600358 0.850521 0.600358 0.941862 0.551237 0.941862 0.551237 0.850521
0 0.776392 0.599349 0.776392 0.690153 0.736833 0.690153 0.736833 0.599349
0 0.7663 0.857422 0.7663 0.932292 0.727799 0.932292 0.727799 0.857422
0 0.934367 0.582878 0.934367 0.689616 0.89056 0.689616 0.89056 0.582878
0 0.938615 0.837777 0.938615 0.938135 0.892952 0.938135 0.892952 0.837777
0 0.101994 0.601465 0.101994 0.695996 0.0563232 0.695996 0.0563232 0.601465
0 0.27006 0.592969 0.27006 0.701302 0.225187 0.701302 0.225187 0.592969
0 0.436003 0.602002 0.436003 0.698649 0.403084 0.698649 0.403084 0.602002
0 0.434416 0.845215 0.434416 0.924333 0.396973 0.924333 0.396973 0.845215
0 0.268734 0.869108 0.268734 0.952474 0.22041 0.952474 0.22041 0.869108
0 0.104386 0.856885 0.104386 0.949284 0.0526042 0.949284 0.0526042 0.856885
