0 0.0936035 0.112337 0.0936035 0.189323 0.0556315 0.189323 0.0556315 0.112337
0 0.104484 0.326872 0.104484 0.417676 0.0553711 0.417676 0.0553711 0.326872
0 0.273617 0.0836589 0.273617 0.188802 0.222909 0.188802 0.222909 0.0836589
0 0.266447 0.36722 0.266447 0.447933 0.230339 0.447933 0.230339 0.36722
0 0.431331 0.100651 0.431331 0.169678 0.398674 0.169678 0.398674 0.100651
0 0.43186 0.372526 0.43186 0.453776 0.393368 0.453776 0.393368 0.372526
0 0.603385 0.091097 0.603385 0.187728 0.560636 0.187728 0.560636 0.091097
0 0.775171 0.0788737 0.775171 0.178174 0.728703 0.178174 0.728703 0.0788737
0 0.929964 0.099056 0.929964 0.172868 0.891992 0.172868 0.891992 0.099056
0 0.938192 0.351286 0.938192 0.433594 0.895182 0.433594 0.895182 0.351286
0 0.772249 0.345443 0.772249 0.432536 0.724194 0.432536 0.724194 0.345443
0 0.613477 0.356071 0.613477 0.449528 0.567806 0.449528 0.567806 0.356071
0 0.601375 0.585368 0.601375 0.688916 0.556242 0.688916 0.556242 0.585368
0 0.756966 0.610856 0.756966 0.691032 0.722453 0.691032 0.722453 0.610856
0 0.932731 0.582178 0.932731 0.670866 0.891846 0.670866 0.891846 0.582178
0 0.936719 0.835482 0.936719 0.931055 0.896094 0.931055 0.896094 0.835482
0 0.763338 0.856722 0.763338 0.936898 0.725635 0.936898 0.725635 0.856722
0 0.602173 0.846631 0.602173 0.919906 0.56394 0.919906 0.56394 0.846631
0 0.0963704 0.578467 0.0963704 0.685726 0.060262 0.685726 0.060262 0.578467
0 0.273201 0.607145 0.273201 0.694222 0.232048 0.694222 0.232048 0.607145
0 0.433309 0.607145 0.433309 0.684131 0.394279 0.684131 0.394279 0.607145
0 0.434904 0.857243 0.434904 0.937972 0.396403 0.937972 0.396403 0.857243
0 0.266829 0.858838 0.266829 0.944336 0.226213 0.944336 0.226213 0.858838
0 0.10009 0.859375 0.10009 0.936377 0.0631836 0.936377 0.0631836 0.859375
