0 0.0902913 0.113102 0.0902913 0.192236 0.0547119 0.192236 0.0547119 0.113102
0 0.266325 0.0801921 0.266325 0.185335 0.226229 0.185335 0.226229 0.0801921
0 0.441024 0.111523 0.441024 0.197005 0.39908 0.197005 0.39908 0.111523
0 0.114185 0.35791 0.114185 0.452425 0.067985 0.452425 0.067985 0.35791
0 0.266325 0.334538 0.266325 0.421631 0.224634 0.421631 0.224634 0.334538
0 0.434391 0.348877 0.434391 0.428532 0.392708 0.428532 0.392708 0.348877
0 0.60481 0.088623 0.60481 0.183138 0.555688 0.183138 0.555688 0.088623
0 0.768896 0.100309 0.768896 0.186328 0.725081 0.186328 0.725081 0.100309
0 0.929525 0.099235 0.929525 0.196419 0.885986 0.196419 0.885986 0.099235
0 0.605868 0.358382 0.605868 0.432731 0.56604 0.432731 0.56604 0.358382
0 0.762524 0.366341 0.762524 0.463525 0.717383 0.463525 0.717383 0.366341
0 0.936434 0.342448 0.936434 0.424235 0.896606 0.424235 0.896606 0.342448
0 0.602946 0.590967 0.602946 0.693457 0.553564 0.693457 0.553564 0.590967
0 0.598438 0.850114 0.598438 0.927637 0.558341 0.927637 0.558341 0.850114
0 0.763582 0.613265 0.763582 0.6993 0.719775 0.6993 0.719775 0.613265
0 0.772078 0.829395 0.772078 0.935596 0.719775 0.935596 0.719775 0.829395
0 0.937492 0.595752 0.937492 0.674333 0.893945 0.674333 0.893945 0.595752
0 0.936165 0.845329 0.936165 0.931348 0.891561 0.931348 0.891561 0.845329
0 0.102197 0.610091 0.102197 0.67168 0.0628988 0.67168 0.0628988 0.610091
0 0.266813 0.603711 0.266813 0.67487 0.231502 0.67487 0.231502 0.603711
0 0.435677 0.612207 0.435677 0.685498 0.39904 0.685498 0.39904 0.612207
0 0.100602 0.87028 0.100602 0.956315 0.0538737 0.956315 0.0538737 0.87028
0 0.27876 0.844271 0.27876 0.93667 0.224862 0.93667 0.224862 0.844271
0 0.445239 0.843197 0.445239 0.940381 0.391073 0.940381 0.391073 0.843197
