0 0.100496 0.111849 0.100496 0.193831 0.0593262 0.193831 0.0593262 0.111849
0 0.269775 0.0988118 0.269775 0.184912 0.231616 0.184912 0.231616 0.0988118
0 0.435148 0.102751 0.435148 0.195524 0.389502 0.195524 0.389502 0.102751
0 0.601449 0.0943197 0.601449 0.188753 0.556372 0.188753 0.556372 0.0943197
0 0.769564 0.106982 0.769564 0.182747 0.731901 0.182747 0.731901 0.106982
0 0.932275 0.0842285 0.932275 0.182048 0.890658 0.182048 0.890658 0.0842285
0 0.111068 0.34152 0.111068 0.443734 0.0663574 0.443734 0.0663574 0.34152
0 0.265877 0.360368 0.265877 0.437451 0.230534 0.437451 0.230534 0.360368
0 0.438786 0.339925 0.438786 0.434896 0.386499 0.434896 0.386499 0.339925
0 0.603719 0.35459 0.603719 0.430908 0.562231 0.430908 0.562231 0.35459
0 0.768172 0.326774 0.768172 0.427686 0.724235 0.427686 0.724235 0.326774
0 0.93492 0.348438 0.93492 0.420166 0.897282 0.420166 0.897282 0.348438
0 0.935197 0.608415 0.935197 0.678369 0.89978 0.678369 0.89978 0.608415
0 0.769523 0.580501 0.769523 0.668213 0.729508 0.668213 0.729508 0.580501
0 0.599748 0.609489 0.599748 0.681673 0.561287 0.681673 0.561287 0.609489
0 0.443384 0.573258 0.443384 0.674414 0.398462 0.674414 0.398462 0.573258
0 0.266488 0.619092 0.266488 0.702311 0.22028 0.702311 0.22028 0.619092
0 0.0987223 0.6257 0.0987223 0.701237 0.0599935 0.701237 0.0599935 0.6257
0 0.0972656 0.855046 0.0972656 0.930387 0.0603516 0.930387 0.0603516 0.855046
0 0.269051 0.849105 0.269051 0.936165 0.223918 0.936165 0.223918 0.849105
0 0.444596 0.844743 0.444596 0.93776 0.392131 0.93776 0.392131 0.844743
0 0.602214 0.850326 0.602214 0.944645 0.553768 0.944645 0.553768 0.850326
0 0.768262 0.86346 0.768262 0.937272 0.731893 0.937272 0.731893 0.86346
0 0.927197 0.86888 0.927197 0.961003 0.884342 0.961003 0.884342 0.86888
