0 0.0939372 0.113981 0.0939372 0.190983 0.0557048 0.190983 0.0557048 0.113981
0 0.26731 0.0953939 0.26731 0.204264 0.213151 0.204264 0.213151 0.0953939
0 0.431396 0.0969889 0.431396 0.186198 0.387321 0.186198 0.387321 0.0969889
0 0.439893 0.333822 0.439893 0.435254 0.386263 0.435254 0.386263 0.333822
0 0.276603 0.328516 0.276603 0.428353 0.226693 0.428353 0.226693 0.328516
0 0.101636 0.358789 0.101636 0.433659 0.0612793 0.433659 0.0612793 0.358789
0 0.602124 0.104948 0.602124 0.195231 0.558049 0.195231 0.558049 0.104948
0 0.769661 0.0805339 0.769661 0.181429 0.728239 0.181429 0.728239 0.0805339
0 0.940918 0.0826497 0.940918 0.190983 0.889404 0.190983 0.889404 0.0826497
0 0.934277 0.342855 0.934277 0.411361 0.896305 0.411361 0.896305 0.342855
0 0.769132 0.349756 0.769132 0.444808 0.720272 0.444808 0.720272 0.349756
0 0.59681 0.337012 0.59681 0.427816 0.558577 0.427816 0.558577 0.337012
0 0.602653 0.616325 0.602653 0.705534 0.552205 0.705534 0.552205 0.616325
0 0.761426 0.616862 0.761426 0.710856 0.718416 0.710856 0.718416 0.616862
0 0.930298 0.609424 0.930298 0.686426 0.893652 0.686426 0.893652 0.609424
0 0.612215 0.857943 0.612215 0.948747 0.567603 0.948747 0.567603 0.857943
0 0.767537 0.846257 0.767537 0.943978 0.717358 0.943978 0.717358 0.846257
0 0.944368 0.821842 0.944368 0.925391 0.898698 0.925391 0.898698 0.821842
0 0.102694 0.608366 0.102694 0.679525 0.0660563 0.679525 0.0660563 0.608366
0 0.110661 0.822363 0.110661 0.925391 0.0657878 0.925391 0.0657878 0.822363
0 0.26731 0.610482 0.26731 0.694922 0.226693 0.694922 0.226693 0.610482
0 0.271297 0.840951 0.271297 0.932812 0.226156 0.932812 0.226156 0.840951
0 0.436182 0.588721 0.436182 0.676872 0.395817 0.676872 0.395817 0.588721
0 0.424227 0.852637 0.424227 0.923796 0.385197 0.923796 0.385197 0.852637
