0 0.102865 0.0983724 0.102865 0.187044 0.0667562 0.187044 0.0667562 0.0983724
0 0.106584 0.35166 0.106584 0.435026 0.0627767 0.435026 0.0627767 0.35166
0 0.266691 0.0919922 0.266691 0.176432 0.225537 0.176432 0.225537 0.0919922
0 0.26403 0.352197 0.26403 0.425472 0.227661 0.425472 0.227661 0.352197
0 0.434229 0.0728841 0.434229 0.178548 0.390951 0.178548 0.390951 0.0728841
0 0.436353 0.338916 0.436353 0.4361 0.394661 0.4361 0.394661 0.338916
0 0.603353 0.0861491 0.603353 0.185986 0.556364 0.185986 0.556364 0.0861491
0 0.765845 0.0941243 0.765845 0.185986 0.722835 0.185986 0.722835 0.0941243
0 0.931795 0.101546 0.931795 0.173763 0.892497 0.173763 0.892497 0.101546
0 0.934717 0.351139 0.934717 0.444596 0.89117 0.444596 0.89117 0.351139
0 0.770093 0.360156 0.770093 0.450439 0.727352 0.450439 0.727352 0.360156
0 0.601766 0.359635 0.601766 0.422282 0.563265 0.422282 0.563265 0.359635
0 0.601766 0.598584 0.601766 0.695231 0.553442 0.695231 0.553442 0.598584
0 0.767969 0.603369 0.767969 0.692578 0.729476 0.692578 0.729476 0.603369
0 0.933651 0.613981 0.933651 0.686214 0.899935 0.686214 0.899935 0.613981
0 0.931258 0.835954 0.931258 0.927295 0.891968 0.927295 0.891968 0.835954
0 0.77063 0.846045 0.77063 0.935791 0.726554 0.935791 0.726554 0.846045
0 0.602824 0.857731 0.602824 0.92889 0.566187 0.92889 0.566187 0.857731
0 0.436906 0.58234 0.436906 0.673682 0.394694 0.673682 0.394694 0.58234
0 0.434782 0.845736 0.434782 0.922721 0.397876 0.922721 0.397876 0.845736
0 0.267513 0.869092 0.267513 0.955127 0.220785 0.955127 0.220785 0.869092
0 0.277865 0.571191 0.277865 0.67793 0.23326 0.67793 0.23326 0.571191
0 0.0986491 0.601465 0.0986491 0.668896 0.0654622 0.668896 0.0654622 0.601465
0 0.108472 0.851042 0.108472 0.938656 0.0633382 0.938656 0.0633382 0.851042
