0 0.103784 0.101937 0.103784 0.198584 0.0565186 0.198584 0.0565186 0.101937
0 0.265747 0.109375 0.265747 0.186914 0.230965 0.186914 0.230965 0.109375
0 0.436206 0.120524 0.436206 0.203369 0.396908 0.203369 0.396908 0.120524
0 0.43514 0.332406 0.43514 0.427458 0.391064 0.427458 0.391064 0.332406
0 0.271053 0.328158 0.271053 0.417367 0.221672 0.417367 0.221672 0.328158
0 0.107503 0.337191 0.107503 0.441797 0.0551921 0.441797 0.0551921 0.337191
0 0.601619 0.0934408 0.601619 0.190088 0.556217 0.190088 0.556217 0.0934408
0 0.77207 0.10778 0.77207 0.194336 0.731714 0.194336 0.731714 0.10778
0 0.939347 0.0870768 0.939347 0.190088 0.885449 0.190088 0.885449 0.0870768
0 0.944124 0.343034 0.944124 0.435433 0.893677 0.435433 0.893677 0.343034
0 0.769946 0.350456 0.769946 0.44445 0.720296 0.44445 0.720296 0.350456
0 0.605868 0.357373 0.605868 0.432243 0.566569 0.432243 0.566569 0.357373
0 0.598429 0.586768 0.598429 0.677572 0.555949 0.677572 0.555949 0.586768
0 0.769157 0.612793 0.769157 0.687126 0.731714 0.687126 0.731714 0.612793
0 0.934033 0.58252 0.934033 0.671729 0.889429 0.671729 0.889429 0.58252
0 0.933236 0.849626 0.933236 0.928743 0.893416 0.928743 0.893416 0.849626
0 0.77181 0.838477 0.77181 0.927148 0.728792 0.927148 0.728792 0.838477
0 0.604801 0.854932 0.604801 0.934049 0.56604 0.934049 0.56604 0.854932
0 0.0928955 0.606413 0.0928955 0.673324 0.0517415 0.673324 0.0517415 0.606413
0 0.270524 0.589958 0.270524 0.684473 0.227775 0.684473 0.227775 0.589958
0 0.439917 0.584115 0.439917 0.68501 0.388672 0.68501 0.388672 0.584115
0 0.101131 0.85918 0.101131 0.946273 0.0610352 0.946273 0.0610352 0.85918
0 0.267603 0.856527 0.267603 0.934049 0.227775 0.934049 0.227775 0.856527
0 0.437793 0.858659 0.437793 0.94043 0.397705 0.94043 0.397705 0.858659
