0 0.103646 0.0830078 0.103646 0.18374 0.0558431 0.18374 0.0558431 0.0830078
0 0.274097 0.101188 0.274097 0.18584 0.22946 0.18584 0.22946 0.101188
0 0.439217 0.0938477 0.439217 0.186051 0.392057 0.186051 0.392057 0.0938477
0 0.600155 0.10179 0.600155 0.207259 0.555078 0.207259 0.555078 0.10179
0 0.770052 0.0919434 0.770052 0.176058 0.72915 0.176058 0.72915 0.0919434
0 0.936816 0.106706 0.936816 0.184375 0.898828 0.184375 0.898828 0.106706
0 0.950065 0.352816 0.950065 0.452165 0.897819 0.452165 0.897819 0.352816
0 0.768197 0.348128 0.768197 0.422184 0.729476 0.422184 0.729476 0.348128
0 0.600781 0.348145 0.600781 0.442643 0.550846 0.442643 0.550846 0.348145
0 0.437329 0.34362 0.437329 0.451693 0.39034 0.451693 0.39034 0.34362
0 0.271826 0.361328 0.271826 0.435091 0.232365 0.435091 0.232365 0.361328
0 0.0982259 0.349219 0.0982259 0.435221 0.0534098 0.435221 0.0534098 0.349219
0 0.103516 0.5986 0.103516 0.684814 0.0582764 0.684814 0.0582764 0.5986
0 0.266976 0.618587 0.266976 0.697575 0.229256 0.697575 0.229256 0.618587
0 0.432227 0.587549 0.432227 0.698421 0.389331 0.698421 0.389331 0.587549
0 0.602319 0.587598 0.602319 0.680892 0.563045 0.680892 0.563045 0.587598
0 0.764469 0.586458 0.764469 0.678385 0.725537 0.678385 0.725537 0.586458
0 0.938175 0.606934 0.938175 0.703141 0.892651 0.703141 0.892651 0.606934
0 0.927482 0.868376 0.927482 0.945378 0.887915 0.945378 0.887915 0.868376
0 0.761776 0.848861 0.761776 0.944157 0.720646 0.944157 0.720646 0.848861
0 0.601847 0.826709 0.601847 0.928076 0.557674 0.928076 0.557674 0.826709
0 0.436792 0.854248 0.436792 0.930566 0.400814 0.930566 0.400814 0.854248
0 0.268921 0.871908 0.268921 0.951237 0.229533 0.951237 0.229533 0.871908
0 0.0993815 0.836475 0.0993815 0.929688 0.0552979 0.929688 0.0552979 0.836475
