0 0.0969564 0.111133 0.0969564 0.186019 0.0576579 0.186019 0.0576579 0.111133
0 0.271134 0.110612 0.271134 0.183887 0.232633 0.183887 0.232633 0.110612
0 0.43973 0.0851237 0.43973 0.185482 0.386898 0.185482 0.386898 0.0851237
0 0.436011 0.351693 0.436011 0.437712 0.392733 0.437712 0.392733 0.351693
0 0.270866 0.360189 0.270866 0.438786 0.231836 0.438786 0.231836 0.360189
0 0.101473 0.375049 0.101473 0.455778 0.0571289 0.455778 0.0571289 0.375049
0 0.603117 0.107617 0.603117 0.18833 0.561963 0.18833 0.561963 0.107617
0 0.766935 0.081071 0.766935 0.169206 0.727108 0.169206 0.727108 0.081071
0 0.926506 0.114518 0.926506 0.196826 0.889071 0.196826 0.889071 0.114518
0 0.602946 0.329606 0.602946 0.418815 0.562052 0.418815 0.562052 0.329606
0 0.773405 0.33597 0.773405 0.428906 0.728263 0.428906 0.728263 0.33597
0 0.935628 0.340755 0.935628 0.438997 0.889966 0.438997 0.889966 0.340755
0 0.603743 0.582373 0.603743 0.669987 0.560465 0.669987 0.560465 0.582373
0 0.771281 0.585026 0.771281 0.682194 0.722689 0.682194 0.722689 0.585026
0 0.928459 0.589274 0.928459 0.663086 0.894743 0.663086 0.894743 0.589274
0 0.934831 0.876025 0.934831 0.958333 0.892879 0.958333 0.892879 0.876025
0 0.75721 0.85319 0.75721 0.923812 0.71818 0.923812 0.71818 0.85319
0 0.602148 0.837793 0.602148 0.929118 0.562321 0.929118 0.562321 0.837793
0 0.0990072 0.587142 0.0990072 0.680078 0.0575846 0.680078 0.0575846 0.587142
0 0.262557 0.59777 0.262557 0.673177 0.224593 0.673177 0.224593 0.59777
0 0.433285 0.596712 0.433285 0.680615 0.392928 0.680615 0.392928 0.596712
0 0.435938 0.869645 0.435938 0.951953 0.396639 0.951953 0.396639 0.869645
0 0.268669 0.85 0.268669 0.945052 0.223527 0.945052 0.223527 0.85
0 0.11626 0.85319 0.11626 0.951432 0.0634277 0.951432 0.0634277 0.85319
