0 0.102751 0.1 0.102751 0.194043 0.0535807 0.194043 0.0535807 0.1
0 0.273763 0.0893066 0.273763 0.189779 0.222729 0.189779 0.222729 0.0893066
0 0.435954 0.112288 0.435954 0.188167 0.398283 0.188167 0.398283 0.112288
0 0.102482 0.339941 0.102482 0.427588 0.0634684 0.427588 0.0634684 0.339941
0 0.263875 0.357585 0.263875 0.437207 0.227271 0.437207 0.227271 0.357585
0 0.434619 0.353841 0.434619 0.43667 0.393205 0.43667 0.393205 0.353841
0 0.603491 0.0978516 0.603491 0.186572 0.557536 0.186572 0.557536 0.0978516
0 0.767293 0.113346 0.767293 0.186572 0.732821 0.186572 0.732821 0.113346
0 0.939909 0.114421 0.939909 0.200993 0.89528 0.200993 0.89528 0.114421
0 0.604565 0.347428 0.604565 0.437744 0.564486 0.437744 0.564486 0.347428
0 0.776375 0.32124 0.776375 0.424382 0.731217 0.424382 0.731217 0.32124
0 0.936702 0.355973 0.936702 0.426514 0.898486 0.426514 0.898486 0.355973
0 0.605094 0.608219 0.605094 0.70013 0.552189 0.70013 0.552189 0.608219
0 0.769694 0.603402 0.769694 0.693717 0.73068 0.693717 0.73068 0.603402
0 0.936434 0.57723 0.936434 0.667008 0.888867 0.667008 0.888867 0.57723
0 0.938566 0.827327 0.938566 0.921387 0.894482 0.921387 0.894482 0.827327
0 0.768628 0.84764 0.768628 0.952913 0.712248 0.952913 0.712248 0.84764
0 0.594946 0.842822 0.594946 0.932064 0.551392 0.932064 0.551392 0.842822
0 0.104085 0.604476 0.104085 0.681966 0.0621338 0.681966 0.0621338 0.604476
0 0.268685 0.608219 0.268685 0.68571 0.230745 0.68571 0.230745 0.608219
0 0.435156 0.607145 0.435156 0.684635 0.394271 0.684635 0.394271 0.607145
0 0.435954 0.825195 0.435954 0.933138 0.393473 0.933138 0.393473 0.825195
0 0.276432 0.850309 0.276432 0.937419 0.228605 0.937419 0.228605 0.850309
0 0.0990072 0.835335 0.0990072 0.917643 0.059196 0.917643 0.059196 0.835335
