0 0.0989583 0.0826986 0.0989583 0.183057 0.0575358 0.183057 0.0575358 0.0826986
0 0.271541 0.0895996 0.271541 0.185173 0.226139 0.185173 0.226139 0.0895996
0 0.433765 0.0996908 0.433765 0.183057 0.392879 0.183057 0.392879 0.0996908
0 0.100024 0.358301 0.100024 0.432633 0.0617839 0.432633 0.0617839 0.358301
0 0.264103 0.328027 0.264103 0.436361 0.227995 0.436361 0.227995 0.328027
0 0.434562 0.358822 0.434562 0.443783 0.392611 0.443783 0.392611 0.358822
0 0.61272 0.0927897 0.61272 0.191553 0.556966 0.191553 0.556966 0.0927897
0 0.765658 0.124642 0.765658 0.20376 0.726359 0.20376 0.726359 0.124642
0 0.93505 0.109245 0.93505 0.187842 0.898682 0.187842 0.898682 0.109245
0 0.601571 0.337581 0.601571 0.432113 0.563338 0.432113 0.563338 0.337581
0 0.769108 0.352979 0.769108 0.448031 0.72264 0.448031 0.72264 0.352979
0 0.928678 0.342887 0.928678 0.431038 0.884342 0.431038 0.884342 0.342887
0 0.599976 0.610531 0.599976 0.683285 0.562272 0.683285 0.562272 0.610531
0 0.760881 0.589811 0.760881 0.665218 0.726896 0.665218 0.726896 0.589811
0 0.932666 0.59248 0.932666 0.68488 0.889388 0.68488 0.889388 0.59248
0 0.946468 0.854801 0.946468 0.947201 0.902132 0.947201 0.902132 0.854801
0 0.766715 0.852148 0.766715 0.934977 0.729281 0.934977 0.729281 0.852148
0 0.599178 0.850016 0.599178 0.956755 0.5559 0.956755 0.5559 0.850016
0 0.110376 0.578662 0.110376 0.679036 0.0601969 0.679036 0.0601969 0.578662
0 0.270215 0.60415 0.270215 0.681152 0.228792 0.681152 0.228792 0.60415
0 0.438281 0.579199 0.438281 0.671598 0.394735 0.671598 0.394735 0.579199
0 0.432975 0.836214 0.432975 0.947721 0.389429 0.947721 0.389429 0.836214
0 0.266227 0.840999 0.266227 0.929671 0.225342 0.929671 0.225342 0.840999
0 0.105062 0.845247 0.105062 0.936572 0.0660319 0.936572 0.0660319 0.845247
