0 0.435189 0.0907715 0.435189 0.177327 0.396956 0.177327 0.396956 0.0907715
0 0.435986 0.324414 0.435986 0.430094 0.391374 0.430094 0.391374 0.324414
0 0.263932 0.110954 0.263932 0.198031 0.219857 0.198031 0.219857 0.110954
0 0.270036 0.347786 0.270036 0.436995 0.224373 0.436995 0.224373 0.347786
0 0.106217 0.347249 0.106217 0.43859 0.05896 0.43859 0.05896 0.347249
0 0.11604 0.101383 0.11604 0.201221 0.0645345 0.201221 0.0645345 0.101383
0 0.604948 0.0917318 0.604948 0.186784 0.552905 0.186784 0.552905 0.0917318
0 0.769824 0.104997 0.769824 0.184115 0.732389 0.184115 0.732389 0.104997
0 0.936564 0.10765 0.936564 0.176693 0.899129 0.176693 0.899129 0.10765
0 0.935238 0.333333 0.935238 0.432633 0.895679 0.432633 0.895679 0.333333
0 0.761865 0.36307 0.761865 0.441667 0.72522 0.441667 0.72522 0.36307
0 0.602824 0.342904 0.602824 0.4507 0.55848 0.4507 0.55848 0.342904
0 0.606535 0.600439 0.606535 0.685937 0.562199 0.685937 0.562199 0.600439
0 0.766374 0.619564 0.766374 0.697624 0.731063 0.697624 0.731063 0.619564
0 0.936035 0.611589 0.936035 0.68859 0.900195 0.68859 0.900195 0.611589
0 0.935238 0.834619 0.935238 0.938704 0.889836 0.938704 0.889836 0.834619
0 0.777523 0.822412 0.777523 0.926497 0.731331 0.926497 0.731331 0.822412
0 0.594059 0.863298 0.594059 0.941357 0.556087 0.941357 0.556087 0.863298
0 0.265885 0.604687 0.265885 0.671598 0.232699 0.671598 0.232699 0.604687
0 0.440063 0.614258 0.440063 0.703467 0.394661 0.703467 0.394661 0.614258
0 0.445907 0.842594 0.445907 0.951449 0.396257 0.951449 0.396257 0.842594
0 0.270931 0.845247 0.270931 0.934993 0.232699 0.934993 0.232699 0.845247
0 0.0906494 0.862777 0.0906494 0.941357 0.0563965 0.941357 0.0563965 0.862777
0 0.0986165 0.602572 0.0986165 0.677441 0.0603841 0.677441 0.0603841 0.602572
